35,52
35,51
35,50
35,49
35,48
35,47
35,46
35,45
35,44
35,43
35,42
35,41
35,40
35,39
35,38
35,37
35,36
35,35
3,2
10,7
10,187
10,233
10,231
10,127
10,223
10,219
10,259
11,26
11,7
9,7
9,2
9,3
8,16
8,5
8,17
8,11
8,2
8,3
28,3
28,2
28,1
28,0
26,3
26,2
26,1
20,3
20,2
20,1
19,3
19,2
19,1
12,3
12,2
12,1
11,30
11,29
11,28
11,27
11,24
11,23
11,22
11,21
11,20
11,19
11,18
11,17
11,16
11,15
11,13
11,12
11,11
11,10
11,9
11,6
11,4
11,3
11,2
11,1
10,298
10,295
10,294
10,283
10,275
10,269
10,266
10,264
10,260
10,246
10,244
10,228
10,214
10,212
10,206
